0.25   0.0844444   0.4   -0.765   0   -0   0   
0.5   0.650222   3.07333   -5.89722   0   -0   0   
0.75   2.116   9.88444   -19.1472   0   -0   0   
1   4.83378   22.0889   -43.5794   0   -0   0   
1.25   9.09733   40.1311   -81.5522   0   -0   0   
1.5   15.1462   63.44   -134.701   0   -0   0   
1.75   23.1733   90.2644   -203.943   0   -0   0   
2   33.3267   117.578   -289.51   0   -0   0   
2.25   45.716   141.049   -390.996   0   -0   0   
2.5   60.4142   155.044   -507.434   0   -0   0   
2.75   77.4604   152.709   -637.378   0   -0   0   
3   96.8627   126.049   -778.988   0   -0   0   
3.25   118.595   66.0644   -930.108   0   -0   0   
3.5   142.604   -37.1111   -1088.34   0   -0   0   
3.75   168.8   -193.982   -1251.08   0   -0   0   
4   197.066   -415.409   -1415.6   0   -0   0   
4.25   227.251   -712.151   -1579.01   0   -0   0   
4.5   259.17   -1094.22   -1738.39   0   -0   0   
4.75   292.608   -1569.98   -1890.72   0   -0   0   
5   327.315   -2144.96   -2033.05   0   -0   0   
5.25   363.011   -2820.48   -2162.51   0   -0   0   
5.5   399.388   -3592.3   -2276.51   0   -0   0   
5.75   436.112   -4449.56   -2372.89   0   -0   0   
6   472.827   -5374.66   -2450.13   0   -0   0   
6.25   509.163   -6344.16   -2507.52   0   -0   0   
6.5   544.741   -7331.03   -2545.35   0   -0   0   
6.75   579.184   -8307.54   -2564.86   0   -0   0   
7   612.12   -9248.19   -2568.16   0   -0   0   
7.25   643.201   -10131.9   -2558.02   0   -0   0   
7.5   672.103   -10943   -2537.59   0   -0   0   
7.75   698.541   -11671.3   -2510.12   0   -0   0   
8   722.28   -12311.5   -2478.71   0   -0   0   
8.25   743.144   -12861.7   -2446.13   0   -0   0   
8.5   761.02   -13323.4   -2414.73   0   -0   0   
8.75   775.871   -13699.7   -2386.3   0   -0   0   
9   787.743   -13995.7   -2362.11   0   -0   0   
9.25   796.766   -14217.8   -2342.89   0   -0   0   
9.5   803.166   -14373.8   -2328.83   0   -0   0   
9.75   807.264   -14473   -2319.64   0   -0   0   
10   809.479   -14526.4   -2314.62   0   -0   0   
10.25   810.335   -14547.1   -2312.67   0   -0   0   
10.5   810.463   -14550.1   -2312.37   0   -0   0   
11   810.463   -14550.1   -2312.37   0   -0   0   
11.25   810.335   -14547.1   -2312.67   0   -0   0   
11.5   809.479   -14526.4   -2314.62   0   -0   0   
11.75   807.264   -14473   -2319.64   0   -0   0   
12   803.166   -14373.8   -2328.83   0   -0   0   
12.25   796.766   -14217.8   -2342.89   0   -0   0   
12.5   787.743   -13995.7   -2362.11   0   -0   0   
12.75   775.871   -13699.7   -2386.3   0   -0   0   
13   761.02   -13323.4   -2414.73   0   -0   0   
13.25   743.144   -12861.7   -2446.14   0   -0   0   
13.5   722.28   -12311.4   -2478.72   0   -0   0   
13.75   698.541   -11671.3   -2510.13   0   -0   0   
14   672.103   -10943   -2537.61   0   -0   0   
14.25   643.201   -10131.9   -2558.04   0   -0   0   
14.5   612.12   -9248.18   -2568.19   0   -0   0   
14.75   579.184   -8307.53   -2564.89   0   -0   0   
15   544.741   -7331.01   -2545.4   0   -0   0   
15.25   509.163   -6344.14   -2507.57   0   -0   0   
15.5   472.827   -5374.63   -2450.17   0   -0   0   
15.75   436.112   -4449.54   -2372.94   0   -0   0   
16   399.388   -3592.28   -2276.56   0   -0   0   
16.25   363.011   -2820.47   -2162.55   0   -0   0   
16.5   327.315   -2144.95   -2033.08   0   -0   0   
16.75   292.608   -1569.97   -1890.74   0   -0   0   
17   259.17   -1094.22   -1738.4   0   -0   0   
17.25   227.251   -712.149   -1579.02   0   -0   0   
17.5   197.066   -415.409   -1415.59   0   -0   0   
17.75   168.8   -193.984   -1251.07   0   -0   0   
18   142.604   -37.1133   -1088.32   0   -0   0   
18.25   118.595   66.0622   -930.092   0   -0   0   
18.5   96.8627   126.047   -778.969   0   -0   0   
18.75   77.4604   152.707   -637.358   0   -0   0   
19   60.4142   155.042   -507.414   0   -0   0   
19.25   45.716   141.047   -390.975   0   -0   0   
19.5   33.3267   117.578   -289.489   0   -0   0   
19.75   23.1733   90.2622   -203.922   0   -0   0   
20   15.1462   63.44   -134.679   0   -0   0   
20.25   9.09733   40.1311   -81.5317   0   -0   0   
20.5   4.83378   22.0889   -43.5589   0   -0   0   
20.75   2.116   9.88444   -19.1267   0   -0   0   
21   0.650222   3.07333   -5.87667   0   -0   0   
21.25   0.0844444   0.4   -0.745   0   -0   0   
21.5   0   -0   0.02   0   -0   0   
21.75   0   -0   -0   0   -0   0   
22   -0.0124444   0.397778   -0.764444   0   -0   0   
22.25   -0.0968889   3.04667   -5.89056   0   -0   0   
22.5   -0.315111   9.80222   -19.1267   0   -0   0   
22.75   -0.72   21.9133   -43.5367   0   -0   0   
23   -1.35511   39.84   -81.4811   0   -0   0   
23.25   -2.25644   63.0489   -134.605   0   -0   0   
23.5   -3.452   89.8533   -203.843   0   -0   0   
23.75   -4.96489   117.331   -289.45   0   -0   0   
24   -6.81067   141.278   -391.052   0   -0   0   
24.25   -9.00044   156.233   -507.722   0   -0   0   
24.5   -11.5409   155.536   -638.061   0   -0   0   
24.75   -14.4329   131.413   -780.286   0   -0   0   
25   -17.6742   75.1   -932.307   0   -0   0   
25.25   -21.2573   -23.0422   -1091.8   0   -0   0   
25.5   -25.1707   -173.338   -1256.24   0   -0   0   
25.75   -29.3982   -386.533   -1422.97   0   -0   0   
26   -33.92   -673.427   -1589.22   0   -0   0   
26.25   -38.7111   -1044.28   -1752.14   0   -0   0   
26.5   -43.7418   -1508.02   -1908.81   0   -0   0   
26.75   -48.9778   -2071.1   -2056.33   0   -0   0   
27   -54.3813   -2736.18   -2191.88   0   -0   0   
27.25   -59.908   -3500.67   -2312.83   0   -0   0   
27.5   -65.5116   -4355.52   -2416.93   0   -0   0   
27.75   -71.1391   -5284.68   -2502.49   0   -0   0   
28   -76.7373   -6265.72   -2568.6   0   -0   0   
28.25   -82.248   -7271.63   -2615.23   0   -0   0   
28.5   -87.6124   -8273.74   -2643.34   0   -0   0   
28.75   -92.7724   -9244.8   -2654.8   0   -0   0   
29   -97.6698   -10161.6   -2652.17   0   -0   0   
29.25   -102.25   -11006.4   -2638.48   0   -0   0   
29.5   -106.463   -11767.1   -2616.93   0   -0   0   
29.75   -110.266   -12437.2   -2590.61   0   -0   0   
30   -113.624   -13013.9   -2562.32   0   -0   0   
30.25   -116.515   -13498.2   -2534.45   0   -0   0   
30.5   -118.924   -13893.2   -2508.86   0   -0   0   
30.75   -120.857   -14204   -2486.88   0   -0   0   
31   -122.33   -14437.3   -2469.3   0   -0   0   
31.25   -123.376   -14601.1   -2456.38   0   -0   0   
31.5   -124.047   -14705.3   -2447.93   0   -0   0   
31.75   -124.409   -14761.4   -2443.29   0   -0   0   
32   -124.55   -14783.1   -2441.49   0   -0   0   
32.25   -124.571   -14786.3   -2441.22   0   -0   0   
32.75   -124.571   -14786.3   -2441.22   0   -0   0   
33   -124.55   -14783.1   -2441.49   0   -0   0   
33.25   -124.409   -14761.4   -2443.29   0   -0   0   
33.5   -124.047   -14705.3   -2447.93   0   -0   0   
33.75   -123.376   -14601.1   -2456.38   0   -0   0   
34   -122.33   -14437.3   -2469.3   0   -0   0   
34.25   -120.857   -14204   -2486.88   0   -0   0   
34.5   -118.924   -13893.2   -2508.86   0   -0   0   
34.75   -116.515   -13498.2   -2534.45   0   -0   0   
35   -113.624   -13013.9   -2562.33   0   -0   0   
35.25   -110.266   -12437.2   -2590.62   0   -0   0   
35.5   -106.463   -11767.1   -2616.94   0   -0   0   
35.75   -102.25   -11006.4   -2638.5   0   -0   0   
36   -97.6698   -10161.6   -2652.19   0   -0   0   
36.25   -92.7724   -9244.79   -2654.83   0   -0   0   
36.5   -87.6124   -8273.72   -2643.38   0   -0   0   
36.75   -82.248   -7271.61   -2615.27   0   -0   0   
37   -76.7373   -6265.7   -2568.64   0   -0   0   
37.25   -71.1391   -5284.66   -2502.54   0   -0   0   
37.5   -65.5116   -4355.5   -2416.97   0   -0   0   
37.75   -59.908   -3500.66   -2312.87   0   -0   0   
38   -54.3813   -2736.17   -2191.91   0   -0   0   
38.25   -48.9778   -2071.09   -2056.36   0   -0   0   
38.5   -43.7418   -1508.02   -1908.83   0   -0   0   
38.75   -38.7111   -1044.28   -1752.15   0   -0   0   
39   -33.92   -673.427   -1589.22   0   -0   0   
39.25   -29.3982   -386.533   -1422.96   0   -0   0   
39.5   -25.1707   -173.34   -1256.22   0   -0   0   
39.75   -21.2573   -23.0444   -1091.78   0   -0   0   
40   -17.6742   75.0978   -932.285   0   -0   0   
40.25   -14.4329   131.411   -780.262   0   -0   0   
40.5   -11.5409   155.533   -638.035   0   -0   0   
40.75   -9.00044   156.231   -507.695   0   -0   0   
41   -6.81067   141.278   -391.025   0   -0   0   
41.25   -4.96489   117.331   -289.423   0   -0   0   
41.5   -3.452   89.8533   -203.817   0   -0   0   
41.75   -2.25644   63.0489   -134.579   0   -0   0   
42   -1.35511   39.84   -81.455   0   -0   0   
42.25   -0.72   21.9133   -43.5106   0   -0   0   
42.5   -0.315111   9.80222   -19.1011   0   -0   0   
42.75   -0.0968889   3.04667   -5.865   0   -0   0   
43   -0.0124444   0.397778   -0.738333   0   -0   0   
43.25   -0   -0   0.0255556   0   -0   0   
43.5   0   -0   -0   0   -0   0   
43.75   -0.0866667   0.497778   -0.743889   0   -0   0   
44   -0.668   3.82444   -5.73889   0   -0   0   
44.25   -2.17556   12.3511   -18.6522   0   -0   0   
44.5   -4.97511   27.8   -42.5017   0   -0   0   
44.75   -9.376   51.0756   -79.6372   0   -0   0   
45   -15.6342   82.0822   -131.728   0   -0   0   
45.25   -23.9613   119.58   -199.767   0   -0   0   
45.5   -34.5284   161.102   -284.094   0   -0   0   
45.75   -47.4702   202.907   -384.447   0   -0   0   
46   -62.8889   239.998   -500.028   0   -0   0   
46.25   -80.856   266.164   -629.584   0   -0   0   
46.5   -101.416   274.056   -771.484   0   -0   0   
46.75   -124.583   255.24   -923.797   0   -0   0   
47   -150.343   200.318   -1084.35   0   -0   0   
47.25   -178.652   99.0133   -1250.8   0   -0   0   
47.5   -209.437   -59.6378   -1420.64   0   -0   0   
47.75   -242.587   -287.036   -1591.24   0   -0   0   
48   -277.957   -594.593   -1759.87   0   -0   0   
48.25   -315.367   -993.056   -1923.71   0   -0   0   
48.5   -354.592   -1491.55   -2079.9   0   -0   0   
48.75   -395.369   -2096.28   -2225.56   0   -0   0   
49   -437.394   -2808.88   -2357.89   0   -0   0   
49.25   -480.321   -3624.86   -2474.34   0   -0   0   
49.5   -523.771   -4532.29   -2572.75   0   -0   0   
49.75   -567.328   -5511.49   -2651.59   0   -0   0   
50   -610.555   -6536.17   -2710.18   0   -0   0   
50.25   -652.994   -7576.07   -2748.83   0   -0   0   
50.5   -694.183   -8600.45   -2768.86   0   -0   0   
50.75   -733.665   -9581.64   -2772.5   0   -0   0   
51   -771   -10497.5   -2762.63   0   -0   0   
51.25   -805.782   -11332.3   -2742.51   0   -0   0   
51.5   -837.648   -12076.8   -2715.44   0   -0   0   
51.75   -866.296   -12726.9   -2684.57   0   -0   0   
52   -891.494   -13282.3   -2652.64   0   -0   0   
52.25   -913.097   -13745.7   -2621.96   0   -0   0   
52.5   -931.048   -14121.7   -2594.26   0   -0   0   
52.75   -945.397   -14416.2   -2570.77   0   -0   0   
53   -956.3   -14636.4   -2552.14   0   -0   0   
53.25   -964.029   -14790.6   -2538.55   0   -0   0   
53.5   -968.973   -14888.5   -2529.69   0   -0   0   
53.75   -971.644   -14941.1   -2524.85   0   -0   0   
54   -972.676   -14961.4   -2522.97   0   -0   0   
54.25   -972.829   -14964.4   -2522.69   0   -0   0   
54.75   -972.829   -14964.4   -2522.69   0   -0   0   
55   -972.676   -14961.4   -2522.97   0   -0   0   
55.25   -971.644   -14941.1   -2524.85   0   -0   0   
55.5   -968.973   -14888.5   -2529.69   0   -0   0   
55.75   -964.029   -14790.6   -2538.55   0   -0   0   
56   -956.3   -14636.4   -2552.14   0   -0   0   
56.25   -945.397   -14416.2   -2570.77   0   -0   0   
56.5   -931.048   -14121.7   -2594.26   0   -0   0   
56.75   -913.097   -13745.7   -2621.96   0   -0   0   
57   -891.494   -13282.3   -2652.65   0   -0   0   
57.25   -866.296   -12726.9   -2684.58   0   -0   0   
57.5   -837.648   -12076.8   -2715.45   0   -0   0   
57.75   -805.782   -11332.3   -2742.52   0   -0   0   
58   -771   -10497.5   -2762.65   0   -0   0   
58.25   -733.665   -9581.62   -2772.53   0   -0   0   
58.5   -694.183   -8600.43   -2768.9   0   -0   0   
58.75   -652.994   -7576.05   -2748.87   0   -0   0   
59   -610.555   -6536.15   -2710.23   0   -0   0   
59.25   -567.328   -5511.46   -2651.64   0   -0   0   
59.5   -523.771   -4532.27   -2572.8   0   -0   0   
59.75   -480.321   -3624.84   -2474.39   0   -0   0   
60   -437.394   -2808.86   -2357.93   0   -0   0   
60.25   -395.369   -2096.26   -2225.59   0   -0   0   
60.5   -354.592   -1491.54   -2079.93   0   -0   0   
60.75   -315.367   -993.051   -1923.73   0   -0   0   
61   -277.957   -594.591   -1759.87   0   -0   0   
61.25   -242.587   -287.038   -1591.23   0   -0   0   
61.5   -209.437   -59.6378   -1420.63   0   -0   0   
61.75   -178.652   99.0111   -1250.79   0   -0   0   
62   -150.343   200.313   -1084.33   0   -0   0   
62.25   -124.583   255.238   -923.774   0   -0   0   
62.5   -101.416   274.053   -771.46   0   -0   0   
62.75   -80.856   266.162   -629.559   0   -0   0   
63   -62.8889   239.996   -500.002   0   -0   0   
63.25   -47.4702   202.904   -384.421   0   -0   0   
63.5   -34.5284   161.1   -284.068   0   -0   0   
63.75   -23.9613   119.58   -199.742   0   -0   0   
64   -15.6342   82.0822   -131.703   0   -0   0   
64.25   -9.376   51.0756   -79.6122   0   -0   0   
64.5   -4.97511   27.8   -42.4767   0   -0   0   
64.75   -2.17556   12.3511   -18.6272   0   -0   0   
65   -0.668   3.82444   -5.71444   0   -0   0   
65.25   -0.0866667   0.497778   -0.719444   0   -0   0   
65.5   -0   -0   0.0244444   0   -0   0   
